v/tower_0/gradients/v/tower_0/cg/conv8/Relu_grad/ReluGrad:0	999900	1061901	349.125000	0	58997	3
361	1002191
362	1061188
365	1061901

v/cg/conv5/conv2d/kernel/read:0	677	1433353	2.250000	2	1139477	4
71	5760
72	5783
163	293876
420	1433353

v/tower_0/mul/x:0	76	30241	0.000244	31	24111	33
5	927
8	1038
11	1113
14	1280
17	1550
20	2276
23	3899
26	3943
29	3985
32	4029
35	4071
38	4115
43	5517
46	5535
49	5565
52	5582
55	5611
58	5631
61	5667
64	5688
67	5729
70	5751
73	5783
76	5806
79	5838
82	5858
85	5899
88	5931
91	5982
94	6031
97	6081
100	6130
137	30241

v/tower_0/cg/conv11/Relu:0	662436	749855	87.281250	0	45941	3
199	662875
287	708816
298	749855

v/cg/conv5/biases/read:0	687	332538	0.000977	1	326732	3
74	5796
75	5806
165	332538

v/cg/conv10/conv2d/kernel/read:0	565	818515	15.640625	1	627235	4
33	4035
34	4071
190	631306
329	818515

v/tower_0/gradients/v/tower_0/cg/conv11/Relu_grad/ReluGrad:0	749777	776676	87.281250	1	26014	3
305	750459
308	750662
311	776676

v/tower_0/cg/conv0/Relu:0	30172	2243012	2793.000000	0	2048440	3
140	41905
511	2090345
515	2243012

v/tower_0/cg/conv2/Relu:0	187138	1871378	1396.500000	0	1568593	3
151	193013
470	1761606
474	1871378

v/cg/conv0/conv2d/kernel/read:0	588	6139	0.006592	1	622	3
41	5505
42	5517
102	6139

v/tower_0/cg/mpool1/MaxPool:0	261380	1683681	349.125000	0	1363747	3
157	265190
442	1628937
452	1683681

v/cg/conv9/conv2d/kernel/read:0	741	837912	9.000000	1	561896	4
95	6041
96	6081
184	567977
347	837912

v/tower_0/gradients/v/tower_0/cg/conv7/Relu_grad/ReluGrad:0	1164199	1196650	349.125000	0	29429	3
380	1166513
381	1195942
384	1196650

v/tower_0/cg/affine1/affine1:0	686320	688095	3.562500	0	873	3
215	686412
226	687285
237	688095

v/cg/affine0/weights/read:0	529	696738	392.000000	1	676676	4
18	1556
19	2276
206	678952
270	696738

v/tower_0/gradients/v/tower_0/cg/affine1/affine1_grad/ReluGrad:0	688017	689221	3.562500	1	948	3
247	688251
249	688273
250	689221

v/cg/conv7/biases/read:0	721	502448	0.001953	1	496517	3
86	5921
87	5931
176	502448

v/tower_0/gradients/v/tower_0/cg/conv10/Relu_grad/ReluGrad:0	791618	818515	87.281250	1	26020	3
324	792295
327	792495
330	818515

v/cg/affine2/weights/read:0	496	687614	15.640625	1	685374	4
6	979
7	1038
216	686412
229	687614

v/tower_0/cg/conv8/Relu:0	566467	999978	349.125000	0	329641	3
183	567977
350	897618
354	999978

v/tower_0/gradients/v/tower_0/cg/conv1/Relu_grad/ReluGrad:0	1996814	2090345	2793.000000	0	69966	3
509	2015523
510	2085489
513	2090345

v/cg/affine0/biases/read:0	523	685192	0.015625	1	683642	3
15	1537
16	1550
208	685192

v/cg/conv12/conv2d/kernel/read:0	535	734837	9.000000	1	658976	4
21	3863
22	3899
200	662875
291	734837

v/cg/affine1/weights/read:0	514	689221	64.000000	1	683962	4
12	1147
13	1280
211	685242
251	689221

v/tower_0/cg/conv5/Relu:0	336149	1428850	698.250000	0	983044	3
167	339101
410	1322145
414	1428850

v/cg/conv2/biases/read:0	625	179770	0.000488	1	174139	3
56	5623
57	5631
149	179770

v/tower_0/gradients/v/tower_0/cg/conv4/Relu_grad/ReluGrad:0	1601381	1628937	698.250000	0	21717	3
440	1605950
441	1627667
444	1628937

v/cg/conv4/biases/read:0	671	287312	0.000977	1	281561	3
68	5742
69	5751
160	287312

v/cg/conv0/biases/read:0	594	15184	0.000244	1	9649	3
44	5526
45	5535
136	15184

v/tower_0/transpose:0	4043	2266579	130.921875	0	2260440	2
101	6139
521	2266579

v/cg/conv11/biases/read:0	559	662053	0.001953	1	658024	3
30	4022
31	4029
197	662053

learning_rate/input:0	61	2290387	0.000244	17	340813	32
242	688137
245	688145
261	690792
264	690801
276	704889
279	704898
300	750379
303	750388
319	792217
322	792225
339	835674
342	835683
367	1164212
370	1164221
386	1249073
389	1249083
401	1260605
404	1260615
427	1601428
430	1601437
446	1683649
449	1683659
461	1703948
464	1703957
487	1974803
490	1974810
502	2015507
505	2015514
525	2290355
528	2290361
535	2290381
538	2290387

v/tower_0/gradients/v/tower_0/cg/affine0/affine0_grad/ReluGrad:0	690681	696738	3.562500	1	5518	3
266	691192
268	691220
269	696738

v/tower_0/cg/mpool3/MaxPool:0	630171	833552	87.281250	0	161189	3
189	631306
325	792495
336	833552

v/tower_0/cg/Reshape:0	7142	691220	21.820312	0	12268	2
205	678952
267	691220

v/cg/conv12/biases/read:0	544	677837	0.001953	1	673894	3
24	3936
25	3943
202	677837

v/cg/conv10/biases/read:0	574	646274	0.001953	1	642159	3
36	4108
37	4115
192	646274

v/tower_0/cg/conv12/Relu:0	678228	708084	87.281250	0	28526	3
204	678665
281	707191
285	708084

v/tower_0/cg/affine0/affine0:0	685135	690759	3.562500	0	3031	3
210	685242
248	688273
259	690759

v/cg/conv11/conv2d/kernel/read:0	550	776676	9.000000	1	643113	4
27	3949
28	3985
195	647098
310	776676

v/tower_0/cg/conv6/Relu:0	466804	1256124	698.250000	0	779400	3
172	469746
391	1249146
399	1256124

v/tower_0/gradients/v/tower_0/cg/conv3/Relu_grad/ReluGrad:0	1694711	1761606	1396.500000	0	55198	3
468	1703971
469	1759169
472	1761606

v/tower_0/cg/conv1/Relu:0	126860	1996892	2793.000000	0	1836252	3
145	138567
492	1974819
500	1996892

v/cg/conv9/biases/read:0	747	626978	0.001953	1	620848	3
98	6121
99	6130
186	626978

v/tower_0/gradients/v/tower_0/cg/conv12/Relu_grad/ReluGrad:0	708006	734837	87.281250	1	26021	3
286	708609
289	708816
292	734837

v/cg/conv8/conv2d/kernel/read:0	726	1002191	9.000000	1	499728	4
89	5939
90	5982
179	505710
360	1002191

v/cg/conv4/conv2d/kernel/read:0	661	1605950	1.125000	2	1340760	4
65	5697
66	5729
158	265190
439	1605950

v/tower_0/cg/conv3/Relu:0	255597	1694789	1396.500000	0	1422223	3
156	261458
451	1683681
459	1694789

v/tower_0/gradients/v/tower_0/cg/conv9/Relu_grad/ReluGrad:0	835667	897618	349.125000	0	58991	3
348	837912
349	896903
352	897618

v/tower_0/gradients/v/tower_0/cg/conv2/Relu_grad/ReluGrad:0	1871300	1913251	1396.500000	0	30256	3
481	1880548
482	1910804
485	1913251

v/tower_0/cg/conv4/Relu:0	290922	1601459	698.250000	0	1200872	3
162	293876
423	1494748
433	1601459

v/cg/conv3/biases/read:0	640	248238	0.000488	1	242550	3
62	5678
63	5688
154	248238

v/cg/affine2/biases/read:0	347	686907	0.003906	1	685980	3
3	878
4	927
218	686907

v/tower_0/gradients/v/tower_0/cg/conv6/Relu_grad/ReluGrad:0	1256046	1322145	698.250000	0	60219	3
408	1260648
409	1320867
412	1322145

v/tower_0/cg/mpool0/MaxPool:0	138489	1974819	698.250000	0	1767350	3
146	145901
483	1913251
493	1974819

v/tower_0/cg/conv9/Relu:0	628738	835745	349.125000	0	203303	3
188	630249
335	833552
345	835745

v/cg/conv7/conv2d/kernel/read:0	711	1166513	4.634033	2	694921	4
83	5867
84	5899
174	471592
379	1166513

v/cg/conv8/biases/read:0	735	564713	0.001953	1	558682	3
92	6020
93	6031
181	564713

v/cg/affine1/biases/read:0	508	686374	0.015625	1	685261	3
9	1101
10	1113
213	686374

v/cg/conv6/biases/read:0	706	463199	0.000977	1	457341	3
80	5849
81	5858
170	463199

v/tower_0/cg/conv10/Relu:0	646656	791696	87.281250	0	103564	3
194	647098
306	750662
317	791696

v/cg/conv1/conv2d/kernel/read:0	600	2015523	0.140625	2	1973618	4
47	5544
48	5565
141	41905
508	2015523

v/cg/conv1/biases/read:0	610	111869	0.000244	1	106287	3
50	5573
51	5582
143	111869

v/tower_0/gradients/v/tower_0/xentropy/sparse_softmax_cross_entropy_loss/xentropy/xentropy_grad/mul:0	687155	687614	1.125000	1	329	3
225	687267
227	687285
228	687614

v/tower_0/gradients/v/tower_0/cg/conv0/Relu_grad/ReluGrad:0	2242934	2266579	2793.000000	0	4864	2
520	2261715
523	2266579

v/tower_0/cg/conv7/Relu:0	504201	1164277	349.125000	0	556191	3
178	505710
363	1061901
373	1164277

v/tower_0/gradients/v/tower_0/cg/conv5/Relu_grad/ReluGrad:0	1428772	1494748	698.250000	0	60116	3
421	1433353
422	1493469
425	1494748

v/cg/conv6/conv2d/kernel/read:0	699	1260648	2.250000	2	921547	4
77	5814
78	5838
168	339101
407	1260648

v/cg/conv2/conv2d/kernel/read:0	616	1880548	0.281250	2	1734647	4
53	5590
54	5611
147	145901
480	1880548

v/cg/conv3/conv2d/kernel/read:0	631	1703971	0.562500	2	1510958	4
59	5641
60	5667
152	193013
467	1703971

v/tower_0/cg/mpool2/MaxPool:0	469668	1249146	174.562500	0	725058	3
173	471592
382	1196650
392	1249146

